import numpy as np
​

arr= np.arange(32).reshape((8,4))
arr
arr= np.arange(32).reshape((8,4))
arr
array([[ 0,  1,  2,  3],
       [ 4,  5,  6,  7],
       [ 8,  9, 10, 11],
       [12, 13, 14, 15],
       [16, 17, 18, 19],
       [20, 21, 22, 23],
       [24, 25, 26, 27],
       [28, 29, 30, 31]])

arr[[1,5,7,2],[0,3,1,2]]
array([ 4, 23, 29, 10])

arr[[1,5,7,2]]
array([[ 4,  5,  6,  7],
       [20, 21, 22, 23],
       [28, 29, 30, 31],
       [ 8,  9, 10, 11]])

arr[np.ix_([1,5,7,2],[0,3,1,2])]
array([[ 4,  7,  5,  6],
       [20, 23, 21, 22],
       [28, 31, 29, 30],
       [ 8, 11,  9, 10]])

np.dot(arr.T, arr)
array([[2240, 2352, 2464, 2576],
       [2352, 2472, 2592, 2712],
       [2464, 2592, 2720, 2848],
       [2576, 2712, 2848, 2984]])

b=arr.T

b.dot(arr)
array([[2240, 2352, 2464, 2576],
       [2352, 2472, 2592, 2712],
       [2464, 2592, 2720, 2848],
       [2576, 2712, 2848, 2984]])

print(arr.T)
arr.T.shape
​
[[ 0  4  8 12 16 20 24 28]
 [ 1  5  9 13 17 21 25 29]
 [ 2  6 10 14 18 22 26 30]
 [ 3  7 11 15 19 23 27 31]]
(4, 8)

print(arr)
arr.shape
[[ 0  1  2  3]
 [ 4  5  6  7]
 [ 8  9 10 11]
 [12 13 14 15]
 [16 17 18 19]
 [20 21 22 23]
 [24 25 26 27]
 [28 29 30 31]]
(8, 4)

arr=np.arange(16).reshape(2,2,4)
arr
array([[[ 0,  1,  2,  3],
        [ 4,  5,  6,  7]],

       [[ 8,  9, 10, 11],
        [12, 13, 14, 15]]])
